{
 "cells": [
  {
   "cell_type": "code",
   "execution_count": 1,
   "id": "13a6ead1",
   "metadata": {},
   "outputs": [],
   "source": [
    "import pandas as pd"
   ]
  },
  {
   "cell_type": "code",
   "execution_count": 2,
   "id": "ab59af3b",
   "metadata": {},
   "outputs": [],
   "source": [
    "data = pd.read_parquet(\"https://github.com/monatagelsir7/enivornmental_impact_of_aviation/raw/refs/heads/main/cleaned_aviation_data_v2.parquet\")\n",
    "data[\"co2_per_distance\"] = data[\"co2\"] / data[\"distance_km\"]"
   ]
  },
  {
   "cell_type": "code",
   "execution_count": 3,
   "id": "d6398bf1",
   "metadata": {},
   "outputs": [],
   "source": [
    "numeric_cols = [\n",
    "    \"seats\",\n",
    "    \"n_flights\",\n",
    "    \"seats_no_est_scaling\",\n",
    "    \"distance_km\",\n",
    "    \"log_distance\",\n",
    "    \"ask\",\n",
    "    \"rpk\",\n",
    "    \"fuel_burn_seymour\",\n",
    "    \"fuel_burn\",\n",
    "    \"co2\",\n",
    "    \"log_co2\",\n",
    "    \"co2_per_distance\",\n",
    "]"
   ]
  },
  {
   "cell_type": "code",
   "execution_count": 4,
   "id": "5d24cf47",
   "metadata": {},
   "outputs": [
    {
     "data": {
      "application/vnd.microsoft.datawrangler.viewer.v0+json": {
       "columns": [
        {
         "name": "index",
         "rawType": "object",
         "type": "string"
        },
        {
         "name": "seats",
         "rawType": "float64",
         "type": "float"
        },
        {
         "name": "n_flights",
         "rawType": "float64",
         "type": "float"
        },
        {
         "name": "seats_no_est_scaling",
         "rawType": "float64",
         "type": "float"
        },
        {
         "name": "distance_km",
         "rawType": "float64",
         "type": "float"
        },
        {
         "name": "log_distance",
         "rawType": "float64",
         "type": "float"
        },
        {
         "name": "ask",
         "rawType": "float64",
         "type": "float"
        },
        {
         "name": "rpk",
         "rawType": "float64",
         "type": "float"
        },
        {
         "name": "fuel_burn_seymour",
         "rawType": "float64",
         "type": "float"
        },
        {
         "name": "fuel_burn",
         "rawType": "float64",
         "type": "float"
        },
        {
         "name": "co2",
         "rawType": "float64",
         "type": "float"
        },
        {
         "name": "log_co2",
         "rawType": "float64",
         "type": "float"
        },
        {
         "name": "co2_per_distance",
         "rawType": "float64",
         "type": "float"
        }
       ],
       "conversionMethod": "pd.DataFrame",
       "ref": "2fd1d281-027c-440f-bd55-51e2784f5c93",
       "rows": [
        [
         "seats",
         "1.0",
         "0.29603235163520886",
         "0.811384572310809",
         "0.01969368005106431",
         "0.0345480306217045",
         "0.6780489301849383",
         "0.6780489301883775",
         "0.021045684463327233",
         "0.6989367744054367",
         "0.6989367744029161",
         "0.3791873325521536",
         "0.9568868885713421"
        ],
        [
         "n_flights",
         "0.29603235163520886",
         "1.0",
         "0.44216657831334333",
         "-0.02754624083971074",
         "-0.023746000279976608",
         "0.21599289463754853",
         "0.21599289463470212",
         "0.007025210021545656",
         "0.22613648035494455",
         "0.22613648035335038",
         "0.3990998483841441",
         "0.30882394766773785"
        ],
        [
         "seats_no_est_scaling",
         "0.811384572310809",
         "0.44216657831334333",
         "1.0",
         "0.0492677412596808",
         "0.05973597408715922",
         "0.6651265487678173",
         "0.6651265487670447",
         "0.04548857726344182",
         "0.6705832567640522",
         "0.6705832567634001",
         "0.42506758936801375",
         "0.7577958887263917"
        ],
        [
         "distance_km",
         "0.01969368005106431",
         "-0.02754624083971074",
         "0.0492677412596808",
         "1.0",
         "0.7927005878719185",
         "0.30107086449174",
         "0.3010708644873701",
         "0.8153685853768572",
         "0.29355721187023437",
         "0.29355721186997685",
         "0.36009955936169463",
         "-0.013171244952673222"
        ],
        [
         "log_distance",
         "0.0345480306217045",
         "-0.023746000279976608",
         "0.05973597408715922",
         "0.7927005878719185",
         "1.0",
         "0.21230398734372172",
         "0.21230398734162872",
         "0.5447724386594978",
         "0.1972506467859618",
         "0.19725064678529675",
         "0.46538719852170507",
         "-0.018802281304197737"
        ],
        [
         "ask",
         "0.6780489301849383",
         "0.21599289463754853",
         "0.6651265487678173",
         "0.30107086449174",
         "0.21230398734372172",
         "1.0",
         "1.0000000000000107",
         "0.2680278964822941",
         "0.9898269550415382",
         "0.9898269550403491",
         "0.40601616771083765",
         "0.5673610160116397"
        ],
        [
         "rpk",
         "0.6780489301883775",
         "0.21599289463470212",
         "0.6651265487670447",
         "0.3010708644873701",
         "0.21230398734162872",
         "1.0000000000000107",
         "1.0",
         "0.2680278964779193",
         "0.9898269550403647",
         "0.9898269550391596",
         "0.40601616770810645",
         "0.5673610160141033"
        ],
        [
         "fuel_burn_seymour",
         "0.021045684463327233",
         "0.007025210021545656",
         "0.04548857726344182",
         "0.8153685853768572",
         "0.5447724386594978",
         "0.2680278964822941",
         "0.2680278964779193",
         "1.0",
         "0.2821951799305729",
         "0.28219517992980914",
         "0.2975070274476303",
         "0.007761785555903019"
        ],
        [
         "fuel_burn",
         "0.6989367744054367",
         "0.22613648035494455",
         "0.6705832567640522",
         "0.29355721187023437",
         "0.1972506467859618",
         "0.9898269550415382",
         "0.9898269550403647",
         "0.2821951799305729",
         "1.0",
         "1.0000000000000033",
         "0.4024190677241535",
         "0.6072947338534715"
        ],
        [
         "co2",
         "0.6989367744029161",
         "0.22613648035335038",
         "0.6705832567634001",
         "0.29355721186997685",
         "0.19725064678529675",
         "0.9898269550403491",
         "0.9898269550391596",
         "0.28219517992980914",
         "1.0000000000000033",
         "1.0",
         "0.40241906772165537",
         "0.607294733851151"
        ],
        [
         "log_co2",
         "0.3791873325521536",
         "0.3990998483841441",
         "0.42506758936801375",
         "0.36009955936169463",
         "0.46538719852170507",
         "0.40601616771083765",
         "0.40601616770810645",
         "0.2975070274476303",
         "0.4024190677241535",
         "0.40241906772165537",
         "1.0",
         "0.3477419017455817"
        ],
        [
         "co2_per_distance",
         "0.9568868885713421",
         "0.30882394766773785",
         "0.7577958887263917",
         "-0.013171244952673222",
         "-0.018802281304197737",
         "0.5673610160116397",
         "0.5673610160141033",
         "0.007761785555903019",
         "0.6072947338534715",
         "0.607294733851151",
         "0.3477419017455817",
         "1.0"
        ]
       ],
       "shape": {
        "columns": 12,
        "rows": 12
       }
      },
      "text/html": [
       "<div>\n",
       "<style scoped>\n",
       "    .dataframe tbody tr th:only-of-type {\n",
       "        vertical-align: middle;\n",
       "    }\n",
       "\n",
       "    .dataframe tbody tr th {\n",
       "        vertical-align: top;\n",
       "    }\n",
       "\n",
       "    .dataframe thead th {\n",
       "        text-align: right;\n",
       "    }\n",
       "</style>\n",
       "<table border=\"1\" class=\"dataframe\">\n",
       "  <thead>\n",
       "    <tr style=\"text-align: right;\">\n",
       "      <th></th>\n",
       "      <th>seats</th>\n",
       "      <th>n_flights</th>\n",
       "      <th>seats_no_est_scaling</th>\n",
       "      <th>distance_km</th>\n",
       "      <th>log_distance</th>\n",
       "      <th>ask</th>\n",
       "      <th>rpk</th>\n",
       "      <th>fuel_burn_seymour</th>\n",
       "      <th>fuel_burn</th>\n",
       "      <th>co2</th>\n",
       "      <th>log_co2</th>\n",
       "      <th>co2_per_distance</th>\n",
       "    </tr>\n",
       "  </thead>\n",
       "  <tbody>\n",
       "    <tr>\n",
       "      <th>seats</th>\n",
       "      <td>1.000000</td>\n",
       "      <td>0.296032</td>\n",
       "      <td>0.811385</td>\n",
       "      <td>0.019694</td>\n",
       "      <td>0.034548</td>\n",
       "      <td>0.678049</td>\n",
       "      <td>0.678049</td>\n",
       "      <td>0.021046</td>\n",
       "      <td>0.698937</td>\n",
       "      <td>0.698937</td>\n",
       "      <td>0.379187</td>\n",
       "      <td>0.956887</td>\n",
       "    </tr>\n",
       "    <tr>\n",
       "      <th>n_flights</th>\n",
       "      <td>0.296032</td>\n",
       "      <td>1.000000</td>\n",
       "      <td>0.442167</td>\n",
       "      <td>-0.027546</td>\n",
       "      <td>-0.023746</td>\n",
       "      <td>0.215993</td>\n",
       "      <td>0.215993</td>\n",
       "      <td>0.007025</td>\n",
       "      <td>0.226136</td>\n",
       "      <td>0.226136</td>\n",
       "      <td>0.399100</td>\n",
       "      <td>0.308824</td>\n",
       "    </tr>\n",
       "    <tr>\n",
       "      <th>seats_no_est_scaling</th>\n",
       "      <td>0.811385</td>\n",
       "      <td>0.442167</td>\n",
       "      <td>1.000000</td>\n",
       "      <td>0.049268</td>\n",
       "      <td>0.059736</td>\n",
       "      <td>0.665127</td>\n",
       "      <td>0.665127</td>\n",
       "      <td>0.045489</td>\n",
       "      <td>0.670583</td>\n",
       "      <td>0.670583</td>\n",
       "      <td>0.425068</td>\n",
       "      <td>0.757796</td>\n",
       "    </tr>\n",
       "    <tr>\n",
       "      <th>distance_km</th>\n",
       "      <td>0.019694</td>\n",
       "      <td>-0.027546</td>\n",
       "      <td>0.049268</td>\n",
       "      <td>1.000000</td>\n",
       "      <td>0.792701</td>\n",
       "      <td>0.301071</td>\n",
       "      <td>0.301071</td>\n",
       "      <td>0.815369</td>\n",
       "      <td>0.293557</td>\n",
       "      <td>0.293557</td>\n",
       "      <td>0.360100</td>\n",
       "      <td>-0.013171</td>\n",
       "    </tr>\n",
       "    <tr>\n",
       "      <th>log_distance</th>\n",
       "      <td>0.034548</td>\n",
       "      <td>-0.023746</td>\n",
       "      <td>0.059736</td>\n",
       "      <td>0.792701</td>\n",
       "      <td>1.000000</td>\n",
       "      <td>0.212304</td>\n",
       "      <td>0.212304</td>\n",
       "      <td>0.544772</td>\n",
       "      <td>0.197251</td>\n",
       "      <td>0.197251</td>\n",
       "      <td>0.465387</td>\n",
       "      <td>-0.018802</td>\n",
       "    </tr>\n",
       "    <tr>\n",
       "      <th>ask</th>\n",
       "      <td>0.678049</td>\n",
       "      <td>0.215993</td>\n",
       "      <td>0.665127</td>\n",
       "      <td>0.301071</td>\n",
       "      <td>0.212304</td>\n",
       "      <td>1.000000</td>\n",
       "      <td>1.000000</td>\n",
       "      <td>0.268028</td>\n",
       "      <td>0.989827</td>\n",
       "      <td>0.989827</td>\n",
       "      <td>0.406016</td>\n",
       "      <td>0.567361</td>\n",
       "    </tr>\n",
       "    <tr>\n",
       "      <th>rpk</th>\n",
       "      <td>0.678049</td>\n",
       "      <td>0.215993</td>\n",
       "      <td>0.665127</td>\n",
       "      <td>0.301071</td>\n",
       "      <td>0.212304</td>\n",
       "      <td>1.000000</td>\n",
       "      <td>1.000000</td>\n",
       "      <td>0.268028</td>\n",
       "      <td>0.989827</td>\n",
       "      <td>0.989827</td>\n",
       "      <td>0.406016</td>\n",
       "      <td>0.567361</td>\n",
       "    </tr>\n",
       "    <tr>\n",
       "      <th>fuel_burn_seymour</th>\n",
       "      <td>0.021046</td>\n",
       "      <td>0.007025</td>\n",
       "      <td>0.045489</td>\n",
       "      <td>0.815369</td>\n",
       "      <td>0.544772</td>\n",
       "      <td>0.268028</td>\n",
       "      <td>0.268028</td>\n",
       "      <td>1.000000</td>\n",
       "      <td>0.282195</td>\n",
       "      <td>0.282195</td>\n",
       "      <td>0.297507</td>\n",
       "      <td>0.007762</td>\n",
       "    </tr>\n",
       "    <tr>\n",
       "      <th>fuel_burn</th>\n",
       "      <td>0.698937</td>\n",
       "      <td>0.226136</td>\n",
       "      <td>0.670583</td>\n",
       "      <td>0.293557</td>\n",
       "      <td>0.197251</td>\n",
       "      <td>0.989827</td>\n",
       "      <td>0.989827</td>\n",
       "      <td>0.282195</td>\n",
       "      <td>1.000000</td>\n",
       "      <td>1.000000</td>\n",
       "      <td>0.402419</td>\n",
       "      <td>0.607295</td>\n",
       "    </tr>\n",
       "    <tr>\n",
       "      <th>co2</th>\n",
       "      <td>0.698937</td>\n",
       "      <td>0.226136</td>\n",
       "      <td>0.670583</td>\n",
       "      <td>0.293557</td>\n",
       "      <td>0.197251</td>\n",
       "      <td>0.989827</td>\n",
       "      <td>0.989827</td>\n",
       "      <td>0.282195</td>\n",
       "      <td>1.000000</td>\n",
       "      <td>1.000000</td>\n",
       "      <td>0.402419</td>\n",
       "      <td>0.607295</td>\n",
       "    </tr>\n",
       "    <tr>\n",
       "      <th>log_co2</th>\n",
       "      <td>0.379187</td>\n",
       "      <td>0.399100</td>\n",
       "      <td>0.425068</td>\n",
       "      <td>0.360100</td>\n",
       "      <td>0.465387</td>\n",
       "      <td>0.406016</td>\n",
       "      <td>0.406016</td>\n",
       "      <td>0.297507</td>\n",
       "      <td>0.402419</td>\n",
       "      <td>0.402419</td>\n",
       "      <td>1.000000</td>\n",
       "      <td>0.347742</td>\n",
       "    </tr>\n",
       "    <tr>\n",
       "      <th>co2_per_distance</th>\n",
       "      <td>0.956887</td>\n",
       "      <td>0.308824</td>\n",
       "      <td>0.757796</td>\n",
       "      <td>-0.013171</td>\n",
       "      <td>-0.018802</td>\n",
       "      <td>0.567361</td>\n",
       "      <td>0.567361</td>\n",
       "      <td>0.007762</td>\n",
       "      <td>0.607295</td>\n",
       "      <td>0.607295</td>\n",
       "      <td>0.347742</td>\n",
       "      <td>1.000000</td>\n",
       "    </tr>\n",
       "  </tbody>\n",
       "</table>\n",
       "</div>"
      ],
      "text/plain": [
       "                         seats  n_flights  seats_no_est_scaling  distance_km  \\\n",
       "seats                 1.000000   0.296032              0.811385     0.019694   \n",
       "n_flights             0.296032   1.000000              0.442167    -0.027546   \n",
       "seats_no_est_scaling  0.811385   0.442167              1.000000     0.049268   \n",
       "distance_km           0.019694  -0.027546              0.049268     1.000000   \n",
       "log_distance          0.034548  -0.023746              0.059736     0.792701   \n",
       "ask                   0.678049   0.215993              0.665127     0.301071   \n",
       "rpk                   0.678049   0.215993              0.665127     0.301071   \n",
       "fuel_burn_seymour     0.021046   0.007025              0.045489     0.815369   \n",
       "fuel_burn             0.698937   0.226136              0.670583     0.293557   \n",
       "co2                   0.698937   0.226136              0.670583     0.293557   \n",
       "log_co2               0.379187   0.399100              0.425068     0.360100   \n",
       "co2_per_distance      0.956887   0.308824              0.757796    -0.013171   \n",
       "\n",
       "                      log_distance       ask       rpk  fuel_burn_seymour  \\\n",
       "seats                     0.034548  0.678049  0.678049           0.021046   \n",
       "n_flights                -0.023746  0.215993  0.215993           0.007025   \n",
       "seats_no_est_scaling      0.059736  0.665127  0.665127           0.045489   \n",
       "distance_km               0.792701  0.301071  0.301071           0.815369   \n",
       "log_distance              1.000000  0.212304  0.212304           0.544772   \n",
       "ask                       0.212304  1.000000  1.000000           0.268028   \n",
       "rpk                       0.212304  1.000000  1.000000           0.268028   \n",
       "fuel_burn_seymour         0.544772  0.268028  0.268028           1.000000   \n",
       "fuel_burn                 0.197251  0.989827  0.989827           0.282195   \n",
       "co2                       0.197251  0.989827  0.989827           0.282195   \n",
       "log_co2                   0.465387  0.406016  0.406016           0.297507   \n",
       "co2_per_distance         -0.018802  0.567361  0.567361           0.007762   \n",
       "\n",
       "                      fuel_burn       co2   log_co2  co2_per_distance  \n",
       "seats                  0.698937  0.698937  0.379187          0.956887  \n",
       "n_flights              0.226136  0.226136  0.399100          0.308824  \n",
       "seats_no_est_scaling   0.670583  0.670583  0.425068          0.757796  \n",
       "distance_km            0.293557  0.293557  0.360100         -0.013171  \n",
       "log_distance           0.197251  0.197251  0.465387         -0.018802  \n",
       "ask                    0.989827  0.989827  0.406016          0.567361  \n",
       "rpk                    0.989827  0.989827  0.406016          0.567361  \n",
       "fuel_burn_seymour      0.282195  0.282195  0.297507          0.007762  \n",
       "fuel_burn              1.000000  1.000000  0.402419          0.607295  \n",
       "co2                    1.000000  1.000000  0.402419          0.607295  \n",
       "log_co2                0.402419  0.402419  1.000000          0.347742  \n",
       "co2_per_distance       0.607295  0.607295  0.347742          1.000000  "
      ]
     },
     "execution_count": 4,
     "metadata": {},
     "output_type": "execute_result"
    }
   ],
   "source": [
    "data[numeric_cols].corr()"
   ]
  },
  {
   "cell_type": "code",
   "execution_count": 5,
   "id": "e1e56086",
   "metadata": {},
   "outputs": [],
   "source": [
    "data.to_parquet(\"https://github.com/monatagelsir7/enivornmental_impact_of_aviation/raw/refs/heads/main/cleaned_aviation_data_v3.parquet\", index=False)"
   ]
  }
 ],
 "metadata": {
  "kernelspec": {
   "display_name": "base",
   "language": "python",
   "name": "python3"
  },
  "language_info": {
   "codemirror_mode": {
    "name": "ipython",
    "version": 3
   },
   "file_extension": ".py",
   "mimetype": "text/x-python",
   "name": "python",
   "nbconvert_exporter": "python",
   "pygments_lexer": "ipython3",
   "version": "3.12.5"
  }
 },
 "nbformat": 4,
 "nbformat_minor": 5
}
